50
100
2557
12035
3201
779
1411
9201
4371
10221
8219
277
741
5355
8617
1659
4316
14592
14592
3577
11015
2374
4556
7662
440
14152
14592
5740
8852
2114
12478
8694
5898
115
14477
860
13732
14592
14592
5515
3204
5872
1
2686
3180
957
7769
14592
5536
7420
1636
857
13735
1081
13511
4892
6371
3329
14592
4782
4245
5565
8806
5786
14592
14592
14592
5472
2373
6747
432
14160
14592
14592
14592
714
5319
8559
8113
5400
1079
2643
11949
7618
6974
14592
14592
285
14307
14592
795
13797
3797
10795
7655
6937
610
13982
14592
1106
7403
6083
