50
1000
8177
5647
7178
5043
1908
308
990
647
785
763
415
360
977
590
422
521
14087
2681
7337
920
976
140
477
185
638
964
394
270
947
131
432
623
316
683
840
615
112
548
888
694
27007
5072
136
427
120
266
715
547
422
132
714
462
270
39535
2356
396
568
288
952
745
686
948
273
805
114
439
625
641
350
447
460
659
37066
5735
5883
1323
7518
2635
5446
461
455
711
169
684
246
442
718
740
595
386
367
657
464
406
385
12392
8205
8360
4081
4007
589
514
591
500
845
876
250
873
330
507
876
694
290
16430
3125
140
509
242
282
535
198
271
766
779
659
289
885
213
39925
6238
3139
3603
636
771
427
294
311
256
577
882
317
594
563
647
828
301
895
27539
7978
7342
3716
2734
6688
865
804
930
498
732
829
476
573
148
370
415
299
835
544
888
548
823
9783
2846
1897
183
179
370
776
751
525
720
722
853
721
900
896
328
999
779
380
480
137
33376
4783
3635
258
300
144
909
778
844
979
413
266
299
418
567
684
480
836
690
636
650
328
412
213
189
29107
3174
1721
7172
4409
3769
5628
4519
519
276
396
539
326
997
108
277
718
499
840
731
194
844
304
963
175
9720
5656
708
368
959
637
940
117
944
522
441
512
292
590
834
695
638
225
452
257
356
159
32516
8555
7284
7398
7329
2564
5019
628
553
235
782
518
348
543
737
516
607
707
143
530
3822
1735
3153
8502
6374
2941
679
498
795
575
339
360
272
268
986
663
162
259
725
969
636
133
389
621
16784
6540
1850
850
135
361
200
496
847
642
388
968
525
915
906
227
268
321
997
162
676
752
736
242
596
323
681
494
957
941
24822
4677
6932
6716
7540
823
146
638
671
438
213
989
433
259
315
712
466
481
287
477
961
511
441
336
287
792
313
431
11533
6366
5214
833
743
340
221
766
657
602
860
547
31669
5764
811
188
732
717
974
898
820
934
849
984
399
376
587
579
33206
1979
3751
8943
915
105
247
562
482
806
961
229
901
636
687
342
681
340
471
963
331
24486
5275
5312
1143
7345
461
358
163
402
142
975
637
939
547
407
130
974
776
22832
4690
1771
1866
6724
8201
589
626
399
667
342
899
558
619
860
964
187
394
767
17695
1029
6909
7054
1598
859
972
997
485
521
278
500
658
254
179
726
535
911
785
270
571
22727
1619
456
680
979
657
795
271
178
910
354
483
601
176
694
419
39546
7786
6280
840
349
623
655
409
541
437
446
165
563
959
601
397
506
687
555
917
373
540
936
889
209
698
21457
6702
308
884
584
616
696
753
353
543
870
391
923
804
620
871
396
456
32048
5999
7998
8575
610
733
594
324
821
220
766
176
810
584
588
712
674
846
929
252
152
453
16002
3517
5185
1398
6016
1191
712
471
968
191
850
930
185
27204
2953
617
661
295
984
298
438
944
173
624
644
432
963
967
395
1000
872
931
715
33912
4269
1898
768
141
335
963
920
121
665
236
139
904
322
887
651
423
542
848
635
33151
6396
8994
898
178
143
603
605
823
503
362
614
637
109
196
696
174
228
392
151
681
25435
5319
1635
334
875
545
692
128
423
310
416
483
571
111
352
107
200
776
35541
5310
1877
8916
6303
7174
8606
651
533
300
786
462
732
307
397
677
207
641
427
658
682
352
854
698
427
840
1
4848
1581
7432
657
933
953
503
451
163
841
222
405
324
847
28658
6114
972
8557
158
500
773
685
297
755
708
145
819
713
389
467
537
387
225
485
268
783
488
23593
828
642
698
926
339
186
193
332
216
424
640
183
118
874
125
906
909
738
285
156
482
598
486
243
37291
6667
3882
1832
803
820
578
723
220
213
571
233
310
996
918
567
482
988
620
27395
2772
5658
8833
4750
930
5421
6706
655
105
603
344
554
348
875
609
243
534
909
304
474
273
623
219
623
5453
8300
5006
367
455
799
132
701
433
143
381
639
588
541
121
359
403
29450
8928
1496
3606
1694
645
391
774
825
715
223
374
590
117
315
179
241
518
572
833
25782
6617
6816
555
270
596
599
310
203
835
650
805
164
978
352
429
759
325
27555
4373
2012
5635
4560
571
190
780
968
989
851
642
726
412
304
596
417
249
825
493
23225
4093
312
395
462
324
355
147
304
457
562
592
126
460
344
443
893
421
107
38021
7778
2592
7995
832
948
718
487
619
345
474
802
163
485
269
230
956
276
222
651
577
898
20501
6304
1491
634
972
946
628
558
332
298
202
348
316
506
313
676
227
264
580
920
560
164
31579
8837
1234
1600
4291
3140
563
649
433
177
943
346
341
509
431
696
777
249
308
863
761
21670
8490
5847
4205
8418
437
494
524
530
555
281
887
924
979
16247
117
968
447
204
219
654
982
887
210
160
872
558
837
231
903
534
40035
2465
1898
6299
442
702
990
794
973
971
538
396
632
558
969
532
29659
8622
7202
897
129
553
101
415
185
613
977
652
369
426
27677
