100
1000
16
5
30
20
16
7
8
28
23
110
11
36
12
13
26
36
39
26
7
57
19
19
6
38
10
36
39
19
25
52
39
12
36
5
19
28
21
39
37
27
12
23
30
38
20
7
24
24
21
64
24
15
22
6
5
31
27
25
14
94
17
14
39
33
25
15
36
20
26
38
7
29
16
9
31
33
37
14
7
80
13
23
31
36
35
38
39
37
9
2
19
30
15
26
19
5
27
37
19
66
18
30
24
28
29
16
13
25
34
46
14
21
24
16
33
29
33
35
24
34
32
21
9
10
6
10
40
14
18
103
9
9
23
33
32
22
25
38
14
58
35
27
33
10
12
5
8
11
31
91
33
28
8
14
14
24
31
12
13
86
30
27
6
5
15
21
32
10
30
87
25
18
9
7
32
15
29
7
23
98
27
26
36
17
31
22
25
27
5
47
26
5
12
27
38
36
36
12
13
58
35
32
13
33
8
22
5
40
20
55
27
27
6
28
9
5
17
40
6
98
31
14
32
5
25
31
11
24
30
60
14
8
34
29
23
20
9
31
25
70
23
35
10
35
7
38
24
26
21
44
28
23
32
25
7
13
19
18
39
59
23
20
38
39
23
27
39
26
6
22
27
5
24
38
9
12
10
8
7
123
29
14
9
6
39
15
30
18
13
90
11
16
10
26
27
16
20
34
10
93
40
24
10
30
31
39
11
32
22
24
7
10
26
33
34
15
36
12
22
68
8
10
11
6
27
33
35
21
19
93
33
17
7
18
37
15
9
10
8
109
34
37
29
19
29
31
23
39
7
15
29
31
19
12
14
36
9
11
22
80
38
22
8
32
22
20
30
5
10
76
32
32
39
23
19
32
17
29
16
24
14
36
25
29
22
33
11
15
9
69
22
37
24
37
40
22
20
39
19
3
31
31
11
27
39
31
38
12
14
29
25
31
15
27
20
7
25
8
33
72
25
28
34
23
22
29
28
20
31
23
34
29
9
5
31
28
14
33
15
65
13
35
8
29
15
10
29
8
29
87
35
7
7
16
40
27
10
19
23
79
31
25
19
11
15
24
34
5
37
62
9
13
8
24
13
10
14
20
6
146
30
35
19
24
32
7
23
30
13
50
17
27
28
29
12
17
18
15
34
66
27
35
12
25
36
8
35
40
12
33
9
40
37
30
16
6
15
6
37
67
21
6
21
24
33
7
13
31
38
69
14
12
33
16
29
16
26
23
17
77
12
23
30
19
10
27
35
31
14
62
22
39
24
36
31
18
24
38
21
10
35
11
37
33
36
12
19
20
30
30
27
33
16
16
35
32
38
33
32
1
26
35
8
33
28
10
11
37
25
50
37
20
16
17
22
16
12
30
8
85
34
38
38
35
23
13
15
31
28
8
36
27
37
26
24
14
7
10
26
56
24
22
13
20
27
12
31
28
23
63
39
6
30
24
32
35
39
19
20
19
37
14
38
29
24
30
27
31
12
21
9
40
17
23
25
12
13
24
27
73
11
6
40
13
5
18
26
21
28
95
10
6
6
5
31
18
39
30
26
92
32
32
27
16
20
7
12
28
27
62
36
30
13
15
27
30
35
19
16
42
22
35
30
28
35
33
17
18
35
10
11
30
29
34
24
28
32
9
40
26
16
35
14
20
38
20
30
22
23
45
17
20
32
5
15
36
25
40
16
57
15
10
12
27
25
21
40
9
11
93
14
22
14
13
9
36
22
21
17
95
11
32
29
15
24
26
23
36
35
32
37
23
11
21
10
25
14
32
21
69
28
18
10
9
36
18
21
16
35
72
12
7
24
40
32
6
20
39
21
62
19
15
7
32
18
12
30
15
35
80
23
27
23
9
21
6
36
40
28
50
22
21
11
25
8
23
34
32
29
58
40
35
18
24
33
9
7
37
11
49
25
19
35
33
33
20
14
13
19
52
6
16
17
30
9
5
18
5
6
151
6
28
20
18
10
34
23
17
38
69
23
34
20
5
20
16
40
18
11
76
24
34
26
24
35
26
19
40
23
12
25
38
10
34
13
5
37
17
17
67
9
8
20
8
37
12
35
35
23
76
23
17
36
32
35
29
6
18
36
31
29
6
13
40
31
21
14
25
29
55
17
8
9
13
30
37
8
9
33
99
7
20
15
23
35
20
5
39
21
78
8
7
39
33
7
30
9
38
36
56
22
40
10
13
14
27
31
10
25
71
38
15
26
24
21
37
26
5
27
44
34
38
38
22
32
29
13
22
17
18
20
34
39
8
26
22
40
33
12
29
