10
400
347
917
163
73
667
666
182
462
447
103
833
166
90
586
433
666
62
290
606
25
79
980
108
774
161
229
72
930
863
729
395
413
675
603
334
170
489
678
662
6882
446
935
626
668
718
647
709
168
242
767
183
304
783
6
711
405
329
831
150
10
570
322
418
11
623
945
998
906
157
989
165
943
521
842
345
520
122
185
175
766
99
392
130
188
63
224
989
587
354
822
1
712
833
318
167
9
414
235
304
119
612
23
556
133
187
422
981
933
105
67
209
472
946
706
236
95
730
938
960
136
751
44
276
382
966
36
826
51
117
784
685
6534
288
953
491
109
144
338
360
138
782
805
362
57
926
270
606
751
128
973
71
757
976
134
884
841
562
288
103
704
853
620
998
705
51
714
715
740
222
134
620
340
86
170
3241
238
598
454
471
328
430
779
537
203
774
694
409
495
482
207
913
813
688
933
759
771
583
681
179
809
567
641
603
632
252
874
286
5927
171
625
146
502
601
781
838
276
919
906
417
298
171
859
528
541
635
169
657
431
600
56
954
123
578
275
19
70
308
851
216
247
129
124
176
251
664
7898
595
155
607
864
886
119
659
941
625
812
306
447
985
952
756
225
653
830
668
739
356
189
169
88
43
229
720
498
655
739
958
215
424
14
126
86
540
887
698
852
286
199
2215
200
55
270
968
581
107
502
912
657
104
871
204
280
569
140
454
549
143
452
18
602
917
114
316
6
589
668
636
115
96
15
152
11748
164
489
382
271
308
306
624
353
448
328
84
887
628
328
194
783
852
622
904
539
887
60
228
279
813
822
907
157
209
957
296
914
337
449
521
6680
621
524
561
265
293
547
173
153
191
559
47
621
281
441
189
778
477
205
600
894
917
972
120
125
228
232
149
809
285
756
361
649
954
971
426
485
214
132
771
636
937
4461
