100
300
696
510
9702
373
10535
445
128
887
9448
851
393
9664
209
296
10403
10908
31
609
10268
746
211
839
9112
3016
992
6900
257
626
10025
13
10895
633
17
117
447
124
9570
7593
3315
2229
298
8381
636
10272
813
876
117
9102
531
364
10013
240
173
424
85
509
9477
3945
837
918
5208
906
864
9138
197
10711
568
536
9804
818
10090
366
461
584
9497
7681
740
2487
452
125
10331
693
654
9561
793
10115
697
10211
10908
7324
3584
459
703
9746
1915
258
785
7950
162
357
830
508
9051
156
589
10163
490
973
203
9242
10908
616
533
60
9699
783
644
935
8546
137
10771
522
10386
217
10691
665
780
400
642
8421
10908
3628
6400
879
1
679
570
186
9473
208
181
10519
10908
313
171
10424
331
207
10370
131
648
452
9677
10908
208
981
473
9246
291
303
513
9801
10908
205
479
10224
5800
54
5054
49
10859
858
671
9379
279
936
9693
651
10257
5429
796
4683
452
57
10399
593
10315
4772
13
911
5212
578
575
550
9205
375
416
10117
673
750
9485
195
585
10128
2406
100
659
170
439
7134
514
310
185
9899
867
10041
336
942
374
9256
506
941
412
640
8409
152
818
9938
507
10401
82
402
10424
569
165
19
270
9885
746
10162
3757
433
382
652
543
513
4628
904
409
192
9403
1194
9714
2740
5456
298
2414
10908
790
980
643
8495
318
10590
869
784
9255
805
10103
10908
605
950
9353
884
29
9995
188
689
10031
74
96
12
10726
10908
813
10095
791
705
9412
307
490
10111
521
56
10331
507
47
682
9672
10908
