100
250
555
14809
15364
633
739
13992
572
14792
939
44
931
679
12771
4985
926
679
68
8706
222
702
533
13907
554
14810
158
15206
908
174
14282
172
15192
718
334
413
13899
15364
685
14679
246
15118
3852
11512
15364
5323
10041
343
15021
708
14656
254
15110
529
14835
932
14432
15364
273
15091
15364
392
14972
450
14914
15364
542
262
14560
8236
507
6621
15364
15364
307
821
629
13607
388
126
14850
849
599
658
13258
274
618
14472
15364
15364
20
185
574
14585
973
14391
71
193
15100
253
189
850
14072
950
439
334
13641
3591
500
801
10472
239
823
14302
15364
371
529
14464
15364
15364
15364
404
14960
703
519
188
13954
15364
588
14776
15364
649
14715
5122
10242
3342
581
11441
15364
15364
492
306
14566
408
14956
59
689
891
13725
672
69
161
14462
7120
442
264
29
7509
948
403
14013
4777
645
765
9177
702
14662
15364
5194
10170
783
30
14551
2932
3234
101
493
8604
311
15053
192
15172
12
15352
6884
3955
91
836
3598
15364
15364
5783
573
9008
7381
569
7414
15364
4611
933
778
591
8451
213
142
842
567
13600
790
780
672
478
12644
15364
15364
7708
7655
1
503
14861
59
15305
6586
486
8292
502
14862
264
916
559
520
772
12333
842
14522
949
326
14089
807
14557
780
131
14453
422
14942
714
674
28
13948
900
336
14128
