100
400
69
782
931
912
657
14127
2943
849
520
13166
5270
299
590
11319
779
5575
694
409
10021
309
17169
376
677
483
533
15409
2500
14978
385
17093
384
17094
654
170
176
16478
17478
7737
5310
915
388
3128
861
301
58
16258
2421
8418
112
266
224
6037
392
947
817
368
605
620
764
12965
2189
519
830
753
13187
20
912
280
16266
382
927
16169
708
938
90
903
529
14310
17478
43
487
401
16547
420
17058
1302
16176
1403
173
15902
4876
948
769
396
850
9639
299
363
865
597
15354
954
16524
567
576
386
15949
1366
206
15906
430
262
836
528
15422
654
29
346
16449
7389
5632
172
169
118
349
3649
447
577
451
487
924
14592
855
16623
30
497
678
16273
898
194
1000
63
15323
601
16877
6408
550
10520
3702
702
13074
418
17060
439
744
16295
4605
886
446
866
10675
5345
195
11938
963
361
494
15660
8403
9075
17478
721
924
175
15658
266
17212
661
16817
3582
3344
734
929
884
8005
8458
168
8852
180
866
583
211
15638
959
47
447
16025
6008
11470
8078
824
484
932
7160
1627
645
15206
505
852
648
965
14508
29
88
672
661
16028
8232
73
731
8442
186
224
268
237
547
16016
985
968
711
14814
5698
754
884
10142
727
938
15813
9
409
17060
2049
15429
6433
255
33
350
10407
262
241
16975
673
221
810
824
14950
375
708
640
880
803
280
13792
898
968
86
15526
17478
831
725
813
990
474
13645
3881
39
590
312
904
11752
8662
7789
508
518
1
293
17185
335
748
682
15713
254
17224
2519
908
14051
384
293
16801
342
970
212
604
158
15192
2516
58
514
14390
8954
794
619
509
85
533
5984
835
61
271
16311
988
366
410
632
18
15064
2435
278
381
14384
300
616
16562
688
280
431
5
702
15372
8825
102
689
106
179
596
184
457
6340
47
664
485
16282
661
151
606
580
703
14777
375
445
16658
671
517
589
15701
4756
8292
53
241
4136
7471
8842
128
286
751
573
671
696
380
15158
6223
725
10530
489
414
16575
1025
16453
6665
6752
109
3952
1377
882
740
877
602
506
272
12222
