100
200
17699
341
17358
17699
17699
17699
453
17246
864
615
275
15945
4794
12905
5676
771
11252
2727
14972
636
17063
17699
17699
730
16969
417
17282
552
17147
399
465
16835
415
17284
17699
401
17298
7907
9792
1331
724
15644
17699
19
469
17211
17699
1154
16545
140
17559
763
16936
17699
6222
7648
3829
2362
942
14395
4069
6854
6776
4253
13446
17699
17699
717
16982
8557
8714
427
1
17699
476
17223
2634
15065
576
17123
322
17377
434
17265
941
992
15766
988
16711
4554
390
7
175
12573
7626
10073
17699
17699
17699
17699
316
17383
816
16883
788
52
16859
17699
17699
3147
537
14015
995
16704
608
17091
258
265
17176
1812
862
15025
11
116
17572
264
17435
4565
775
12359
995
2208
584
13912
17699
17699
396
17303
27
17672
975
16724
5420
5742
3404
3133
241
17458
540
17159
4849
294
436
12120
17699
17699
962
981
15756
17699
17699
17699
7050
10649
17699
1689
448
15562
593
17106
17699
17699
444
965
762
15528
17699
6742
10957
17699
302
17397
5614
562
11523
17699
17699
257
17442
17699
17699
3022
124
575
13978
3718
85
13896
7390
10309
