10
120
7168
1633
4090
5962
3403
5720
824
784
983
426
734
841
645
10
362
8200
7070
2619
5518
3944
1150
8
694
559
255
796
44
980
277
401
409
660
1
1088
5536
82
692
873
470
914
235
946
484
321
21944
4489
7089
5098
972
579
366
499
669
515
121
365
892
455
136
11340
254
2551
8517
171
900
465
252
325
380
19770
8287
7253
335
346
54
216
689
16405
8769
3163
142
545
770
25
269
453
684
661
122
748
17234
3876
5731
6271
945
151
84
915
15612
6735
2013
6955
8060
847
284
92
906
203
471
820
73
6126
8971
513
390
468
427
672
836
21308
