200
500
5857
3065
8271
18309
35502
788
34714
2531
32971
700
411
34391
561
712
34229
6664
896
27942
1813
5806
27883
1727
33775
35502
35502
6316
29186
680
2398
339
32085
35502
5426
30076
35502
470
35032
3915
31587
672
34830
1856
8883
4437
5665
14661
2766
1944
5671
753
24368
35502
35502
35502
35502
75
35427
5664
83
29755
55
35447
8078
3109
24315
35502
5308
30194
5968
1797
2271
25466
30
140
720
34612
527
34975
35502
415
35087
659
34843
5831
463
29208
35502
4922
7105
7787
15688
1086
34416
1693
5572
28237
194
35308
2788
32714
7898
546
27058
35502
2855
4787
8918
6478
359
92
615
11398
1309
4409
3573
7839
155
18217
35502
35502
4544
1755
908
28295
2095
33407
3223
3258
3259
25762
8584
2350
7250
7471
8209
1600
37
1
35502
1910
33592
2334
33168
2387
33115
35502
7801
2219
25482
999
34503
8296
2190
5791
19225
335
35167
2933
32569
7109
7860
20533
35502
5474
345
29683
35502
5425
4347
25730
38
35464
35502
35502
450
35052
35502
4346
737
30419
3523
46
31933
35502
6765
437
743
27557
502
35000
4259
31243
35502
4592
3792
27118
8279
27223
6786
258
505
27953
4396
31106
35502
3738
2923
4641
640
23560
35502
1823
1723
206
31750
536
34966
685
34817
980
772
33750
7358
7094
21050
35502
35502
6274
1131
3356
24741
5856
29646
6421
29081
35502
5542
29960
975
34527
5559
461
29482
6110
582
930
27880
8243
6450
7722
562
12525
7001
6845
21656
3604
761
31137
5536
7034
348
22584
4660
593
322
29927
35502
5061
3390
27051
403
35099
35502
124
35378
8495
1434
25573
5880
1658
27964
151
35351
6984
174
28344
35502
551
748
34203
8347
484
26671
35502
163
5623
1845
7572
795
73
19431
35502
5108
524
837
29033
35502
727
34775
7419
8895
511
18677
8040
27462
2109
7044
2642
641
23066
6200
2062
360
26880
8504
26998
35502
7745
27757
4488
1760
4830
445
23979
5066
2380
28056
7573
27929
997
3778
5016
788
24923
8373
3741
23388
35502
2060
3846
29596
8216
650
26636
4761
453
30288
416
35086
35502
35502
8965
4385
22152
4238
31264
1099
34403
35502
8651
315
26536
3187
32315
35502
425
35077
5568
4595
5722
19617
35502
1457
6568
27477
693
34809
7115
3699
24688
264
35238
3052
32450
311
35191
35502
807
34695
1010
4245
3790
5315
6169
14973
35502
7756
8968
18778
601
34901
35502
6241
29261
692
2368
32442
4170
85
638
369
30240
252
35250
595
7142
27765
2330
3463
781
28928
35502
6787
6477
6182
183
15873
8426
7357
7170
573
11976
4866
503
8297
21836
8318
3779
2769
3103
2182
15351
3306
1435
3973
26788
207
6072
210
29013
7420
842
2271
817
24152
6615
7642
21245
5976
370
29156
35502
35502
35502
35502
26
35476
3922
7714
2044
21822
35502
35502
8661
26841
7831
27671
35502
7692
27810
6363
3905
25234
7103
28399
2624
3966
7056
21856
35502
