25
300
4116
2695
2826
2159
1799
8723
6030
7750
1631
6422
470
1602
7466
509
526
787
26151
3403
5430
4997
2228
4259
5914
8355
6012
41064
7367
8201
3233
2422
5588
2667
1555
6590
238
43801
3563
8469
6834
6737
1123
8991
3827
6340
5107
3249
190
48
27184
5762
4566
8544
8786
3552
5665
3134
2929
7310
1969
2400
7655
856
18534
7948
8710
8479
3523
2050
3616
5054
1528
4147
396
3252
785
790
554
30830
4503
974
5005
8831
5884
8928
3827
5254
3012
35444
5681
2845
153
8273
8231
2198
6548
8601
3176
536
35420
5790
7094
6828
5568
8398
2598
430
8468
4912
31576
8991
7483
3920
6270
1767
1614
8118
786
7549
4258
4841
761
765
816
23723
341
7537
5272
7885
8100
2269
486
8120
575
1539
3366
4794
31378
4985
860
3203
4065
411
1921
6851
3172
5698
4812
890
44794
4094
2926
4517
8868
4536
6534
1286
250
2983
1363
5672
6595
3932
8103
714
19289
1918
3956
2869
5035
2378
5761
8444
6331
4542
343
40085
6788
8479
2419
894
1906
6818
5476
8692
40190
5268
5105
691
1622
8288
5539
4452
4790
2874
7045
35988
4460
6319
4491
5342
3649
57401
2579
2731
8269
7967
47
2696
4671
7968
8462
6874
884
720
6503
21291
2582
3017
129
6841
3328
2086
1390
488
257
61544
7605
8244
292
7583
2239
814
8384
5022
8592
32887
7043
1414
4450
7480
5676
5552
4199
7767
295
37786
898
5043
816
8427
2328
3977
8658
5487
112
248
45668
1320
4378
278
3916
3325
2949
5236
8767
6962
591
438
856
42646
8806
669
4893
752
1522
3851
5837
7831
7867
2709
929
4307
6878
7116
4542
6614
6538
1
5714
4142
6587
728
1732
8820
5626
4836
3072
3854
964
35587
