25
200
5950
4197
6715
7889
558
514
69
535
376
844
18946
4919
8397
7633
307
996
24341
212
5546
2637
7431
6027
877
744
23119
7324
1528
1328
8281
5919
2106
1582
7253
888
943
978
428
8035
8894
4905
7371
4502
4484
16437
6078
7311
8621
71
555
23957
1797
2196
925
41675
1237
8788
7123
4366
25079
743
6973
5869
6933
757
584
818
365
23551
6926
1219
4820
960
408
32260
5934
5059
5092
798
29710
6624
7235
7343
8876
16515
1290
6174
4194
3647
6938
8831
8545
941
3507
318
127
2081
2602
5044
3968
8153
6224
5595
927
905
770
5
12400
7148
1317
438
57
8715
1819
4111
1082
7691
1254
1619
11342
3755
6552
4948
3007
1150
2134
22
25025
3405
7043
1181
2984
623
84
31273
4649
6921
3607
31416
4065
1456
8818
7974
71
8815
8143
193
806
17
6235
5578
4454
3439
4345
7625
552
90
297
20213
5689
4817
3280
4949
7104
20754
8895
2355
2955
205
365
488
31330
1852
5245
4038
852
4119
4909
65
8177
8126
7684
487
171
867
1
8028
8148
4356
6447
3756
992
14866
5104
6308
5462
7222
1842
7889
568
12198
