25
150
45366
4027
8829
6375
4378
21757
8894
3428
5656
3220
24168
7567
1728
3919
32152
7538
8229
120
29479
5910
4195
8388
1273
208
25392
2079
2578
7123
8377
4359
1606
785
980
17479
1625
5967
37774
3744
4763
7736
6978
6713
6333
975
1669
347
6108
2528
4988
6664
4992
4835
3931
205
5184
7921
275
3843
5368
4750
6563
8940
5587
195
213
13750
6248
5156
1783
8274
2590
7268
14047
6723
4559
8009
5425
20650
6922
7098
1428
2349
353
27216
4833
2136
6858
8658
1997
8164
4616
8103
1
5150
6863
4175
8214
4231
2885
4859
8622
367
8774
5767
5896
24929
7155
7041
597
30573
6228
6725
2745
7590
67
7400
1238
2454
203
10716
7843
7700
1182
1730
3904
23007
6901
326
38139
386
886
44094
138
7553
8947
6869
1927
19932
3784
3081
7964
220
30317
7662
705
4095
489
2047
1255
29113
