50
175
361
514
437
13594
569
19
14318
7968
1561
4021
748
607
1
133
926
13847
791
8984
863
792
461
976
2039
964
728
13214
4236
24
986
9660
905
390
13611
6596
5611
828
270
1601
3306
720
10880
604
14302
7430
7476
267
875
587
13177
223
14683
3900
550
10456
627
682
400
153
13044
431
14475
936
13970
340
599
234
269
13464
14906
1949
758
522
11677
8405
2118
61
610
888
2824
1079
322
179
13326
4712
5425
456
565
901
923
333
1591
392
14514
14906
884
14022
749
584
13573
184
890
13832
327
14579
400
14506
14906
14906
682
161
740
785
358
12180
8335
2646
3925
673
432
887
866
12048
19
473
653
912
889
11960
4855
163
538
752
325
8273
747
14159
107
806
13993
8613
575
66
552
237
4863
545
14361
747
218
586
13355
136
507
14263
14906
2980
6163
839
446
4478
6652
294
394
7566
3461
456
977
538
9474
8347
375
678
415
5091
14906
