50
200
572
875
980
910
7229
545
812
9209
641
9925
3683
843
6040
446
105
881
271
5
8858
4244
230
580
667
498
956
3391
166
10400
81
10485
5882
842
3842
5175
806
4585
7924
869
1773
4723
996
4847
593
105
654
707
8507
873
9693
7040
2380
26
546
573
1
10566
898
109
9559
6961
3605
81
577
9908
554
770
60
72
9110
679
9887
505
218
668
288
8887
159
355
10052
606
522
653
82
8703
499
27
196
9844
873
846
8847
724
906
707
8229
391
142
10033
2936
760
985
559
71
269
4986
248
923
369
507
308
8211
431
716
368
9051
788
335
986
367
110
7980
270
925
149
361
966
7895
366
852
560
396
592
7800
8
10558
342
511
9713
810
9756
6226
717
290
761
821
46
1705
569
422
47
398
862
189
8079
309
576
794
8887
5064
254
837
693
3718
812
9754
4158
385
370
693
4960
512
462
196
790
8606
3772
254
6540
481
941
284
251
496
8113
481
917
795
267
8106
863
78
9625
10566
670
711
939
569
522
233
6922
