50
100
15438
15438
7845
7593
15438
3727
5470
6241
2089
13349
5842
9596
15438
5863
3973
5602
15438
4620
10818
4311
11127
3322
12116
3755
6531
1283
3869
2783
920
11735
8047
4701
2690
5640
9798
3020
215
5571
6632
438
4387
494
10119
751
14687
5005
10433
713
8377
6348
7198
108
8132
1877
1462
12099
15438
3290
12148
15438
15438
1740
13698
15438
6504
8933
1
15438
8479
6959
2251
3335
1228
1954
6670
15438
15438
6437
7978
1023
529
14909
15438
15438
7940
7498
15438
15438
230
756
7675
3596
3181
3286
12152
15438
15438
15438
15438
15438
