50
250
4070
135
42112
7098
5588
6607
239
26785
4739
4628
7147
686
29117
400
327
8668
3014
610
33298
800
2052
835
2289
363
39978
7014
1562
1381
4951
1704
29705
3168
6534
8851
495
27269
6326
2559
2833
34599
7254
4309
34754
5877
40440
5756
7100
1119
6021
830
25491
398
3154
1233
2039
1475
38018
7450
2336
36531
3832
6837
5098
7646
2317
20587
2504
2810
41003
4105
6235
5282
7258
23437
7637
5329
33351
4935
4682
4808
100
1990
29802
8797
6581
4272
2989
4665
7741
11272
3468
5165
3386
6373
7485
930
663
18847
5772
7962
2527
7381
6386
7647
4320
4322
8357
5339
3655
1093
4538
1392
7963
992
12988
46317
3386
8536
8291
2248
23856
4977
1101
40239
7719
4939
7867
3992
21800
6235
6078
6105
7904
19995
1320
499
2807
41691
3795
5874
7509
3026
5154
5
20954
2618
6918
4079
2907
1317
895
450
27133
8288
7894
30135
3770
42547
3445
5214
1286
7126
926
2997
3581
4309
500
16933
1447
5783
8719
6632
5984
940
16812
6011
5960
34346
970
630
44717
2054
3194
976
996
39097
2992
8352
84
34889
650
3034
7583
35050
8839
7528
7989
2348
627
556
18430
5494
4456
6637
7093
7505
8162
6969
1
2406
316
43595
4237
7333
7751
91
1616
25289
788
7453
217
37859
7139
2980
1716
34482
3135
8152
3709
3168
28153
8739
5077
32501
4583
1701
4083
4950
4114
26886
4255
2003
40059
3541
113
8987
3537
8266
283
21590
