50
125
2438
790
612
14687
2349
454
15724
18527
5102
967
12458
18527
702
17825
18527
282
18245
266
585
405
17271
637
17890
7898
3849
380
6400
654
233
17640
4332
5680
313
970
7232
18527
1261
421
121
16724
18527
131
153
18243
8403
150
9974
4082
4992
9453
606
17921
18527
3072
15455
949
17578
18527
450
18077
836
17691
2174
59
115
16179
18527
18527
18527
460
18067
305
795
903
505
16019
7325
11202
8172
6505
584
3266
314
724
17489
18527
1364
138
17025
18527
1976
16551
162
59
18306
8504
392
971
8660
7157
2380
8989
1
18527
1594
188
16745
112
18415
1712
102
27
16686
5229
1925
239
11134
18527
7183
8488
919
710
961
266
18527
