50
150
855
608
663
8364
10490
890
9600
1196
23
508
8763
680
9810
7614
279
2597
5676
719
4095
54
45
10391
2293
743
847
469
668
5470
10490
3326
346
328
807
5683
452
10038
761
456
79
671
47
8476
1047
3515
912
912
606
31
292
3175
10490
936
636
8918
10490
935
793
8762
10490
547
628
9315
190
10300
227
10263
773
9717
838
289
9363
3426
878
592
5594
254
403
9833
584
9906
807
674
880
39
8090
674
940
8876
661
57
82
376
9314
10490
403
81
10006
754
9736
10490
10490
109
10381
8703
321
755
710
1
34
714
973
972
7797
5302
5188
2803
647
73
425
6542
5492
478
30
4490
112
10378
7636
725
903
1226
10490
399
10091
176
966
816
595
930
7007
233
10257
10490
244
984
133
259
8870
457
947
9086
