75
300
7119
455
24489
7672
1161
23230
8832
7304
4759
676
10492
6544
6899
5066
6931
28
6595
7302
6715
221
397
17428
7281
2206
7557
4783
303
9933
2967
594
28502
8700
874
22489
5531
2708
312
23512
6603
5105
336
1372
18647
3294
28769
8488
4150
6772
12653
2005
2317
1270
6849
240
455
300
439
18188
8305
997
22761
28
32035
7785
4736
106
19436
4546
7263
8943
5972
656
4683
2580
234
29249
6262
3692
8175
416
13518
32063
137
31926
6855
850
24358
2488
6717
738
18
22102
3758
6629
609
21067
5366
156
26541
3111
3279
6919
531
822
438
16963
85
29
895
31054
7425
3654
729
20255
7858
1049
6782
2751
686
592
585
11760
7467
7461
17135
2754
1980
754
26575
4746
27317
3572
1183
7875
220
470
644
18099
1173
829
64
18
29979
1751
2409
27903
3625
983
389
27066
116
392
31555
8196
7350
3279
2757
10481
4344
8616
19103
7416
6867
17780
548
786
30729
5945
2252
8279
8274
4784
1147
31
267
572
511
1
8091
445
23527
32063
3476
28587
3345
16
995
27707
4688
4671
740
21964
797
31266
3589
3870
101
89
24414
7382
355
24326
8940
184
562
22
22355
3379
3004
914
24766
807
31256
3303
2333
1642
194
24591
5748
447
1890
984
464
665
21865
306
31757
2573
196
167
555
28572
411
31652
4943
721
24
26375
8401
3367
2296
17999
3656
7884
422
20101
5652
198
653
25560
32063
7749
761
877
22676
1842
8494
181
592
20954
5273
1073
156
25561
449
945
30669
1748
1859
3702
3189
3692
17873
5943
2656
2861
3466
1409
706
644
14378
3537
72
365
33
28056
32063
948
31115
2018
30045
3516
7470
21077
691
5767
4253
981
443
19928
