75
225
8259
382
188
10456
19285
6238
7044
436
5567
6811
700
354
11420
5170
14115
7245
790
11250
8169
11116
5784
13501
425
18860
3043
6073
10169
3938
15347
19285
2820
413
16052
6324
12961
892
18393
46
381
18858
8706
1863
325
262
8129
8120
2480
8587
97
1
603
18682
4444
14841
3569
922
911
13883
1079
2849
6609
8748
19285
111
541
18633
1136
148
356
17645
711
18574
201
124
18960
391
18894
518
971
17796
1742
1080
16463
8217
140
10928
5
50
295
18935
180
19105
256
19029
1404
17881
19285
3549
691
15045
159
19126
19285
2762
703
689
15131
781
127
18377
1091
6655
934
1000
747
8858
4753
2869
334
841
10488
8283
1909
9093
149
96
71
18969
2687
8378
8220
1860
436
278
809
133
15769
5892
13393
19285
2275
8540
631
7839
1240
186
219
381
837
16422
3360
15925
743
702
17840
592
290
18403
1588
3820
977
981
472
76
11371
3593
15692
2317
888
335
15745
197
19088
541
130
18614
19285
208
474
496
18107
3810
8007
912
572
126
5858
835
18450
1556
17729
1630
213
347
17095
362
18923
19285
4524
14761
4693
14592
1229
6996
4639
839
5582
3526
6883
823
8053
60
275
18950
4144
15141
86
564
128
787
17720
4520
80
364
14321
